-- fields
atomic_number_PK INTEGER ,
electron_configuration_id_FK INT REFERENCES electron_configuration ( id ),

-- data
atomic_number	,	elec_config_id
(	1	,	1001	),
(	2	,	1002	),
(	3	,	1003	),
(	4	,	1004	),
(	5	,	1005	),
(	6	,	1006	),
(	7	,	1007	),
(	8	,	1008	),
(	9	,	1008	),
(	10	,	1008	),
(	11	,	1009	),
(	12	,	1010	),
(	13	,	1011	),
(	14	,	1012	),
(	15	,	1013	),
(	16	,	1014	),
(	17	,	1014	),
(	18	,	1014	),
(	19	,	1015	),
(	20	,	1016	),
(	21	,	1017	),
(	22	,	1018	),
(	23	,	1019	),
(	24	,	1020	),
(	25	,	1021	),
(	26	,	1021	),
(	27	,	1021	),
(	28	,	1021	),
(	29	,	1022	),
(	30	,	1017	),
(	31	,	1023	),
(	32	,	1024	),
(	33	,	1025	),
(	34	,	1026	),
(	35	,	1026	),
(	36	,	1026	),
(	37	,	1027	),
(	38	,	1028	),
(	39	,	1029	),
(	40	,	1030	),
(	41	,	1031	),
(	42	,	1031	),
(	43	,	1031	),
(	44	,	1031	),
(	45	,	1031	),
(	46	,	1032	),
(	47	,	1031	),
(	48	,	1033	),
(	49	,	1034	),
(	50	,	1035	),
(	51	,	1036	),
(	52	,	1037	),
(	53	,	1037	),
(	54	,	1037	),
(	55	,	1038	),
(	56	,	1039	),
(	57	,	1040	),
(	58	,	1041	),
(	59	,	1042	),
(	60	,	1043	),
(	61	,	1043	),
(	62	,	1043	),
(	63	,	1043	),
(	64	,	1044	),
(	65	,	1043	),
(	66	,	1043	),
(	67	,	1045	),
(	68	,	1046	),
(	69	,	1047	),
(	70	,	1041	),
(	71	,	1041	),
(	72	,	1048	),
(	73	,	1049	),
(	74	,	1050	),
(	75	,	1050	),
(	76	,	1050	),
(	77	,	1050	),
(	78	,	1050	),
(	79	,	1041	),
(	80	,	1041	),
(	81	,	1051	),
(	82	,	1052	),
(	83	,	1053	),
(	84	,	1054	),
(	85	,	1054	),
(	86	,	1054	),
(	87	,	1055	),
(	88	,	1056	),
(	89	,	1057	),
(	90	,	1058	),
(	91	,	1059	),
(	92	,	1060	),
(	93	,	1058	),
(	94	,	1061	),
(	95	,	1061	),
(	96	,	1058	),
(	97	,	1061	),
(	98	,	1062	),
(	99	,	1063	),
(	100	,	1064	),
(	101	,	1065	),
(	102	,	1062	),
(	103	,	1066	),
(	104	,	1067	),
(	105	,	1068	),
(	106	,	1066	),
(	107	,	NULL	),
(	108	,	NULL	),
(	109	,	NULL	),
(	110	,	NULL	),
(	111	,	NULL	),
(	112	,	NULL	),
(	113	,	NULL	),
(	114	,	NULL	),
(	115	,	NULL	),
(	116	,	NULL	),
(	117	,	NULL	),
(	118	,	NULL	),
