#fields:
atomic_number_PK INT ,
periodic_table_row_num_PK INT ,
number_electron_shells INT ,

#data:
(	1	,	1	,	1	),
(	2	,	1	,	1	),
(	3	,	2	,	2	),
(	4	,	2	,	2	),
(	5	,	2	,	2	),
(	6	,	2	,	2	),
(	7	,	2	,	2	),
(	8	,	2	,	2	),
(	9	,	2	,	2	),
(	10	,	2	,	2	),
(	11	,	3	,	3	),
(	12	,	3	,	3	),
(	13	,	3	,	3	),
(	14	,	3	,	3	),
(	15	,	3	,	3	),
(	16	,	3	,	3	),
(	17	,	3	,	3	),
(	18	,	3	,	3	),
(	19	,	4	,	4	),
(	20	,	4	,	4	),
(	21	,	4	,	4	),
(	22	,	4	,	4	),
(	23	,	4	,	4	),
(	24	,	4	,	4	),
(	25	,	4	,	4	),
(	26	,	4	,	4	),
(	27	,	4	,	4	),
(	28	,	4	,	4	),
(	29	,	4	,	4	),
(	30	,	4	,	4	),
(	31	,	4	,	4	),
(	32	,	4	,	4	),
(	33	,	4	,	4	),
(	34	,	4	,	4	),
(	35	,	4	,	4	),
(	36	,	4	,	4	),
(	37	,	5	,	5	),
(	38	,	5	,	5	),
(	39	,	5	,	5	),
(	40	,	5	,	5	),
(	41	,	5	,	5	),
(	42	,	5	,	5	),
(	43	,	5	,	5	),
(	44	,	5	,	5	),
(	45	,	5	,	5	),
(	46	,	5	,	5	),
(	47	,	5	,	5	),
(	48	,	5	,	5	),
(	49	,	5	,	5	),
(	50	,	5	,	5	),
(	51	,	5	,	5	),
(	52	,	5	,	5	),
(	53	,	5	,	5	),
(	54	,	5	,	5	),
(	55	,	6	,	6	),
(	56	,	6	,	6	),
(	57	,	6	,	6	),
(	58	,	6	,	6	),
(	59	,	6	,	6	),
(	60	,	6	,	6	),
(	61	,	6	,	6	),
(	62	,	6	,	6	),
(	63	,	6	,	6	),
(	64	,	6	,	6	),
(	65	,	6	,	6	),
(	66	,	6	,	6	),
(	67	,	6	,	6	),
(	68	,	6	,	6	),
(	69	,	6	,	6	),
(	70	,	6	,	6	),
(	71	,	6	,	6	),
(	72	,	6	,	6	),
(	73	,	6	,	6	),
(	74	,	6	,	6	),
(	75	,	6	,	6	),
(	76	,	6	,	6	),
(	77	,	6	,	6	),
(	78	,	6	,	6	),
(	79	,	6	,	6	),
(	80	,	6	,	6	),
(	81	,	6	,	6	),
(	82	,	6	,	6	),
(	83	,	6	,	6	),
(	84	,	6	,	6	),
(	85	,	6	,	6	),
(	86	,	6	,	6	),
(	87	,	7	,	7	),
(	88	,	7	,	7	),
(	89	,	7	,	7	),
(	90	,	7	,	7	),
(	91	,	7	,	7	),
(	92	,	7	,	7	),
(	93	,	7	,	7	),
(	94	,	7	,	7	),
(	95	,	7	,	7	),
(	96	,	7	,	7	),
(	97	,	7	,	7	),
(	98	,	7	,	7	),
(	99	,	7	,	7	),
(	100	,	7	,	7	),
(	101	,	7	,	7	),
(	102	,	7	,	7	),
(	103	,	7	,	7	),
(	104	,	7	,	7	),
(	105	,	7	,	7	),
(	106	,	7	,	7	),
(	107	,	7	,	7	),
(	108	,	7	,	7	),
(	109	,	7	,	7	),
(	110	,	7	,	7	),
(	111	,	7	,	7	),
(	112	,	7	,	7	),
(	113	,	7	,	7	),
(	114	,	7	,	7	),
(	115	,	7	,	7	),
(	116	,	7	,	7	),
(	117	,	7	,	7	),
(	118	,	7	,	7	);
